5504,5507,5517,5520,5531,5532,5534,5542,5545,5547,5548,5549,5551,5554,5555,5557,5561,5563,5564,5567,5568,5572,5574,5575,5576,5577,5579,5586,5587,5591,5595,5598,5599,5601,5603,5607,5609,5610,5611,5950,5953,5958,5965,6685,6701,6761,6781,6798,6813,6826,6841,6859,6871,6877,6880,9802,9852,9857,9877,9897,9928,9969,9993,9999,10019,10038,10079,10097,10167,10279,10286,10326,10331,10432,10452,10458,10507,10581,12017,17286,20034,20443,20491,20495,30160,30163
0,5540,11820,35655,3678,6855,10753,6098,18574,6469,28602,24574,2913,27454,48379,18625,28877,45860,36704,34775,26546,91386,141811,76436,72880,42423,27994,41411,42850,70927,31435,32334,35625,60969,31266,25423,13237,37224,54599,68256,76279,42649,57684,33573,34612,80741,81437,80945,91004,100876,94978,89499,132260,130399,122005,131169,55139,57015,11340,28542,77546,40416,49251,25610,31440,36519,117068,163920,157226,3978,43947,41656,34528,91784,32088,47309,36266,58194,69546,13379,49162,52063,83250,79852,87561,78223
5540,0,15007,39022,8550,2056,9115,11418,15410,6015,34118,28944,7752,30390,47532,18361,31206,45078,33810,30440,23420,85864,136271,71164,68023,37178,22462,36210,37661,66187,27845,27281,30817,62106,32028,26659,15819,37077,55221,66653,75728,41092,56443,38194,39338,77042,77742,76652,89040,97567,90800,85941,130199,128333,121296,129052,60478,62083,5839,25330,76837,35322,54728,21873,25951,38542,113938,161881,155381,6196,38712,47013,39959,86259,32792,47479,31210,53590,69161,7985,54590,46666,79735,76137,82428,74686
11820,15007,0,24063,13536,14656,22527,13078,17680,9711,27182,14523,13312,15653,39550,11425,17126,37000,32445,34555,23895,96110,147211,78849,73227,45441,34218,50288,51752,80866,42753,41748,45549,71074,42098,36028,23373,48557,65249,80028,87655,54437,69382,37712,38293,92020,92719,91608,102817,112416,105783,100884,144076,142215,133403,142988,54662,58268,18955,40062,89001,42733,47460,36812,38982,24839,128698,175732,169015,15709,46851,35153,28996,96572,42946,58365,45631,57847,80845,19955,48011,55802,94662,91117,96434,89619
35655,39022,24063,0,36531,38461,46403,34945,36048,33379,33578,13298,36548,8990,34877,26145,10354,32918,41108,49098,37890,113253,164570,93175,84566,62662,55580,73058,74513,104147,66816,65042,69084,90300,63502,57351,45091,70688,85673,103120,109411,77721,92214,49836,49605,116064,116764,115372,126138,136468,129615,124944,167397,165545,154985,166364,55810,62312,42342,64106,110966,59368,47136,60870,61084,10421,152713,198988,192068,39339,63809,27211,26177,113793,64364,79741,68826,69159,102463,42840,48879,73137,118724,115159,118648,113681
3678,8550,13536,36531,0,10204,10563,3044,22249,10072,25849,24635,811,28785,51502,21779,30611,48969,40333,38410,30209,94219,144425,79713,76402,45722,30821,43167,44582,71973,31614,33940,36903,58026,28648,22648,10117,35021,51903,66736,74118,41231,55979,29944,31010,80726,81417,81485,89661,100497,95379,89346,130931,129075,119867,129878,51941,53572,14354,28471,75469,43818,46316,26017,33833,38355,116525,162553,155737,3588,47254,39981,32679,94603,29489,44866,37845,61789,67311,16536,46108,55200,83072,79853,89102,78076
6855,2056,14656,38461,10204,0,10897,12925,13363,5087,35390,28928,9393,29699,45700,16785,30280,43261,31760,28473,21367,84649,135205,69588,66217,35578,21336,35898,37358,66234,28674,27163,30897,64069,33978,28665,17869,38885,57124,68084,77410,42581,57984,40039,41153,77691,78393,76984,90347,98378,91188,86649,131456,129589,122923,130291,61992,63773,4734,26345,78484,33619,56077,22684,25204,37470,114815,163137,156698,8169,37104,47691,40754,85055,34734,49322,31069,51697,70882,6568,56012,45215,80467,76778,82126,75413
10753,9115,22527,46403,10563,10897,0,13222,23855,14888,34720,35030,10257,38179,56597,27454,39456,54156,42040,37027,31646,86941,136352,74418,72855,41070,24592,33759,35119,61634,21053,24438,26909,53373,23283,18346,10322,27989,46283,57829,66624,32215,47467,34540,35935,70228,70921,70935,80424,90186,84816,78905,121654,119791,112219,120543,58983,59317,11528,17957,67751,39883,54349,15484,26032,47002,106336,153326,146710,7198,42608,50146,42739,87273,24008,38428,28233,59214,60046,13688,53771,49486,72642,69349,79178,67630
6098,11418,13078,34945,3044,12925,13222,0,24224,11915,22822,22592,3753,27617,52072,22586,29767,49526,41982,40736,32052,97209,147455,82512,78955,48503,33800,46175,47586,74805,34186,36931,39826,57997,29186,23064,10423,35960,52219,68174,74973,42822,57288,27683,28658,83118,83806,84130,91209,102679,97958,91659,132461,130610,120701,131438,49080,50923,17254,30946,76405,46514,43337,28705,36874,37542,118602,164044,157132,6567,50030,37052,29714,97596,30042,45502,40828,64212,68104,19382,43173,58078,85378,82254,92058,80403
18574,15410,17680,36048,22249,13363,23855,24224,0,12309,44193,30917,21486,27205,33634,9905,26034,31340,18403,17080,8042,78898,130158,61174,55806,27992,19845,38068,39479,69420,37465,31279,35760,77228,47133,41975,31102,51539,70076,78888,89365,53897,69379,51895,52824,84243,84943,81699,100386,105655,96060,93436,141076,139209,134509,139819,71630,74479,12848,36082,90270,25139,64801,31803,25713,31503,122373,172680,166593,21216,29352,52626,46659,79384,47863,62063,34663,40608,83036,11420,65171,38470,87461,83301,82816,82434
6469,6015,9711,33379,10072,5087,14888,11915,12309,0,32849,24158,9352,24612,42291,12694,25255,39796,30261,28980,20180,87835,138676,71780,67470,37862,25038,40599,42062,71167,33711,32040,35876,67043,37122,31458,19597,42612,60439,72621,81458,47037,62343,39590,40536,82775,83476,82037,95049,103430,96254,91725,136213,134347,127090,135067,60014,62449,9247,31294,82616,35539,53609,27723,29472,32538,119845,167895,161385,9821,39348,43752,37063,88267,37919,52903,35919,52528,74830,10396,53761,47899,85539,81863,86778,80486
28602,34118,27182,33578,25849,35390,34720,22822,44193,32849,0,21769,26575,31608,63314,38457,35339,60874,59540,61273,51007,119983,170275,104625,99995,70669,56576,68455,69826,95593,54092,59138,61559,60205,39038,33832,26308,46928,57351,79816,82370,56842,68611,16881,16336,100749,101406,103504,102879,118580,116739,108631,143314,141519,126670,142518,27499,31411,39941,50516,84300,68389,20762,49412,59664,41617,133566,174287,166735,29204,72167,18370,11526,120377,39800,53444,62952,84771,75396,41955,20981,80545,102382,99959,113744,97624
24574,28944,14523,13298,24635,28928,35030,22592,30917,24158,21769,0,24816,9904,42027,22065,13710,39667,41793,46773,35440,109816,161065,91546,84694,58891,48668,64753,66216,95118,55978,56092,59751,77001,50454,44328,32332,57789,72417,90509,96306,65332,79497,37168,37105,105247,105941,105479,113628,125132,119543,113934,154837,152992,141808,153845,46994,52396,33394,52983,97905,55943,38764,50182,53505,19903,141143,186360,179324,27832,60227,22342,17859,110301,51314,66621,59998,69130,89340,34473,39998,69385,107667,104365,110934,102659
2913,7752,13312,36548,811,9393,10257,3753,21486,9352,26575,24816,0,28691,50962,21219,30425,48433,39606,37607,29459,93465,143702,78912,75590,44919,30061,42568,43988,71509,31301,33361,36384,58493,29008,23050,10611,35269,52296,66822,74368,41283,56108,30750,31819,80475,81167,81121,89709,100327,95045,89125,130979,129122,120115,129917,52731,54382,13566,28206,75697,43009,47073,25651,33131,38151,116392,162612,155824,3118,46450,40529,33255,93851,29844,45185,37274,60981,67579,15737,46881,54410,82856,79598,88550,77853
27454,30390,15653,8990,28785,29699,38179,27617,27205,24612,31608,9904,28691,0,32217,17336,3840,29900,34196,41051,29682,105077,156422,85573,77669,54268,46623,64070,65524,95177,58235,56091,60166,84624,56712,50558,38006,63577,79438,95512,102576,69968,84759,46504,46567,107385,108086,106488,118384,127953,120752,116318,159651,157793,148287,158577,56726,62282,33450,55643,104022,51053,48372,52263,52099,10555,144289,191294,184515,31287,55471,30496,27209,105602,57573,73035,59861,62134,95689,33884,49720,64787,110120,106474,109679,105069
48379,47532,39550,34877,51502,45700,56597,52072,33634,42291,63314,42027,50962,32217,0,29756,28377,2551,20575,32610,27651,90380,140238,67548,56065,45965,49308,67278,68485,97394,70794,62715,67294,109318,79404,73734,61568,84585,102697,112488,122890,87521,103006,76710,77075,115302,115988,110966,133728,137080,125141,124564,174110,172247,168134,172801,88942,94392,46360,69640,123847,42538,80553,65301,55350,24456,153905,205606,199742,52072,46371,61777,59333,91017,80195,95010,65415,42363,116470,45055,81935,54485,118861,114350,106708,113937
18625,18361,11425,26145,21779,16785,27454,22586,9905,12694,38457,22065,21219,17336,29756,0,16165,27235,21082,24707,13401,88145,139475,69485,62849,37204,29614,47572,49004,78894,44673,40231,44570,79586,49766,44016,31816,55299,73098,84851,94078,59366,74766,48923,49576,92766,93469,90837,107000,113912,105183,101884,148025,146157,139658,146833,65860,69663,18912,42718,95198,34110,58424,38750,35334,22082,130520,179696,173348,22365,38472,44295,38956,88652,50572,65596,43812,47328,87483,18532,59118,47738,95809,91833,92665,90759
28877,31206,17126,10354,30611,30280,39456,29767,26034,25255,35339,13710,30425,3840,28377,16165,0,26062,31169,38757,27536,102907,154230,82974,74694,52315,45776,63610,65052,94872,58954,55956,60161,87311,58953,52826,40189,65606,81893,97132,104685,71527,86508,49973,50092,107855,108558,106522,119863,128653,120834,116866,161106,159243,150429,160000,60566,66104,33657,56535,106067,49015,52206,52964,51449,7775,145094,192774,186103,32809,53457,34133,31028,103445,59810,75268,59644,59206,97842,33827,53560,62785,110707,106935,108830,105651
45860,45078,37000,32918,48969,43261,54156,49526,31340,39796,60874,39667,48433,29900,2551,27235,26062,0,19169,31210,25606,90176,140299,67576,56436,44835,47449,65551,66780,95871,68610,60765,65348,106810,76915,71229,59041,82145,100217,110225,120513,85194,100680,74185,74559,113483,114172,109340,131561,135232,123553,122745,172020,170156,165802,170721,86622,91998,44013,67393,121487,41370,78266,63073,53523,22513,152051,203542,197629,49567,45316,59664,57066,90804,77709,92556,63541,42367,114072,42753,79616,53639,117004,112532,105572,112063
36704,33810,32445,41108,40333,31760,42040,41982,18403,30261,59540,41793,39606,34196,20575,21082,31169,19169,0,12049,10411,73530,124504,52326,43525,25818,29414,46920,48084,76820,52459,43056,47585,95336,65298,60294,49481,69237,87971,94494,106108,70385,85708,69342,70125,95064,95744,90440,114908,116895,104589,104319,154773,152918,150621,153412,86921,90713,30644,51883,106823,22317,79384,47444,35285,32485,133724,186116,180496,39576,26418,64057,59406,74118,66002,79778,45445,28058,100033,28751,80148,35141,98714,94113,86475,93840
34775,30440,34555,49098,38410,28473,37027,40736,17080,28980,61273,46773,37607,41051,32610,24707,38757,31210,12049,0,11417,64157,115472,44783,38731,14268,18888,35316,36409,64815,43179,32459,36844,88990,59500,55219,46060,62301,81166,84961,97482,61878,76848,68348,69378,83481,84155,78525,104571,105342,92627,92719,143920,142073,141208,142518,88703,91416,25684,43219,97999,10758,81864,38826,24271,41847,122161,175104,169685,36631,15134,68954,63348,64700,60110,72711,34398,23566,91732,23406,82250,24337,87220,82532,74567,82406
26546,23420,23895,37890,30209,21367,31646,32052,8042,20180,51007,35440,29459,29682,27651,13401,27536,25606,10411,11417,0,75415,126756,56173,49506,24813,22131,40553,41862,71536,43282,35202,39785,84978,54918,49884,39144,59009,77682,85187,96300,60641,76060,59643,60514,88096,88789,84527,106144,109773,98842,97349,146459,144596,141128,145149,78507,81760,20310,42361,97099,21482,71353,37958,28264,31282,126577,177956,172097,29259,25926,57696,52290,75946,55629,69551,38105,34030,90110,18511,71896,35253,91539,87146,83267,86572
91386,85864,96110,113253,94219,84649,86941,97209,78898,87835,119983,109816,93465,105077,90380,88145,102907,90176,73530,64157,75415,0,51346,23806,37633,50957,63411,55825,54918,51979,75234,64149,64041,121377,100339,99578,97149,97912,112858,99394,115667,90002,98219,121291,122757,74949,75261,63183,107371,91507,70603,81011,134909,133383,147093,133145,145807,146183,80046,78305,114733,54052,140534,76396,60912,105711,105059,161180,158775,91049,49673,131259,124841,700,100453,105031,61245,48188,113149,78083,140261,40437,79159,74355,40350,76942
141811,136271,147211,164570,144425,135205,136352,147455,130158,138676,170275,161065,143702,156422,140238,139475,154230,140299,124504,115472,126756,51346,0,72724,84719,102273,113868,103366,102191,87515,121770,112427,111312,162848,146572,146886,146285,142712,154791,135410,151230,133184,137594,170018,171568,103956,103938,92056,135692,112061,91513,106033,150867,149796,172014,149074,195290,194895,130522,125195,149682,105395,190563,124135,110646,156861,119833,170097,170383,141108,101007,182309,175740,50827,146526,147964,109017,97932,150585,128680,190097,91742,107168,103777,67855,107230
76436,71164,78849,93175,79713,69588,74418,82512,61174,71780,104625,91546,78912,85573,67548,69485,82974,67576,52326,44783,56173,23806,72724,0,14034,34013,49826,49392,49067,59274,68131,55383,56966,117161,92017,89873,84700,91427,108581,100856,116535,85775,97049,108764,110060,83250,83725,73030,113475,102811,83653,90949,146030,144359,153364,144346,131571,133159,65403,70451,116095,36260,125387,67421,49502,84810,118055,174423,171001,76997,32494,113660,107833,24494,92325,100162,53687,25208,112720,63181,125484,24960,87612,82471,55311,84243
72880,68023,73227,84566,76402,66217,72855,78955,55806,67470,99995,84694,75590,77669,56065,62849,74694,56436,43525,38731,49506,37633,84719,14034,0,32004,48936,53582,53635,69399,70613,57585,60145,119901,92782,89777,82813,93385,111452,107065,122133,89276,101953,106212,107360,93018,93549,83650,121723,113447,95209,101222,156185,154464,161247,154547,127395,129858,62580,72335,121961,32979,120594,68720,50339,75475,129193,185324,181488,74145,30510,107032,101792,38329,93208,102872,56809,15570,117691,60256,120975,26518,97348,92181,68001,93572
42423,37178,45441,62662,45722,35578,41070,48503,27992,37862,70669,58891,44919,54268,45965,37204,52315,44835,25818,14268,24813,50957,102273,34013,32004,0,16934,26167,26858,52612,39814,27084,30557,88619,60861,57772,51201,61876,80307,79405,93359,58892,72732,75026,76272,73046,73691,66794,97098,94829,80557,82143,135031,133213,135229,133542,97557,99237,31456,41057,93524,3523,91430,37167,19042,55918,111529,165739,160792,43084,1544,80557,74390,51456,61312,71699,27423,20256,88264,29206,91488,10534,77034,72112,60748,72454
27994,22462,34218,55580,30821,21336,24592,33800,19845,25038,56576,48668,30061,46623,49308,29614,45776,47449,29414,18888,22131,63411,113868,49826,48936,16934,0,18504,19859,49750,24571,13676,18176,72213,43979,40844,34883,45379,64045,66108,78924,43567,58238,59016,60354,66041,66731,62457,85753,87783,76793,75301,125380,123527,122351,124011,82621,83611,16666,25086,79350,16578,77135,20886,6135,51329,104605,156702,151117,27731,18427,68779,61991,63802,44450,55461,16108,36521,73367,14827,76914,24902,69558,65090,63076,64628
41411,36210,50288,73058,43167,35898,33759,46175,38068,40599,68455,64753,42568,64070,67278,47572,63610,65551,46920,35316,40553,55825,103366,49392,53582,26167,18504,0,1464,31352,19496,9321,8216,67812,44530,43882,43209,42629,59221,53885,68601,36383,48375,66665,68226,48173,48850,43975,70933,70029,58299,57420,109139,107309,109282,107684,92161,91530,31359,22480,68512,28241,88001,20818,12410,69542,86851,140087,134918,39608,26966,83038,75816,56038,44665,50863,5657,45513,64116,30405,87298,27128,51906,47223,46232,47113
42850,37661,51752,74513,44582,37358,35119,47586,39479,42062,69826,66216,43988,65524,68485,49004,65052,66780,48084,36409,41862,54918,102191,49067,53635,26858,19859,1464,0,29942,20322,10690,9194,68250,45422,44925,44501,43307,59653,53620,68499,36745,48391,67869,69439,47075,47747,42669,70307,68938,56979,56310,108284,106458,108826,106818,93421,92715,32822,23416,68357,29060,89320,21948,13792,70961,85754,139167,134060,41019,27592,84469,77240,55117,45536,51350,6924,45957,64134,31868,88598,27270,50852,46126,44775,46094
70927,66187,80866,104147,71973,66234,61634,74805,69420,71167,95593,95118,71509,95177,97394,78894,94872,95871,76820,64815,71536,51979,87515,59274,69399,52612,49750,31352,29942,0,41533,39148,35369,75440,63150,65270,69301,57689,67554,48736,64963,47118,50079,89967,91644,24002,24460,14518,55540,44094,27945,31832,86877,85180,95440,85217,116103,113706,61965,45148,63747,55670,113470,46307,43729,100891,60179,115993,112093,68403,52729,111773,104346,51788,62874,61259,35325,67620,63497,61313,112304,47793,28363,23251,20386,25332
31435,27845,42753,66816,31614,28674,21053,34186,37465,33711,54092,55978,31301,58235,70794,44673,58954,68610,52459,43179,43282,75234,121770,68131,70613,39814,24571,19496,20322,41533,0,13029,11350,49330,25128,25165,27785,23317,40846,42035,54360,19122,33687,49207,50848,49313,50011,49971,62954,69726,63776,58131,103626,101759,98208,102383,75241,73694,25762,3648,54827,40461,72106,5990,20783,66097,86140,135251,129128,28212,41083,70666,63189,75427,25221,32284,14501,60062,48819,26355,71054,44328,51908,48421,60291,46865
32334,27281,41748,65042,33940,27163,24438,36931,31279,32040,59138,56092,33361,56091,62715,40231,55956,60765,43056,32459,35202,64149,112427,55383,57585,27084,13676,9321,10690,39148,13029,0,4583,62351,36842,35484,33958,36111,53875,52892,66367,31891,45699,57609,59147,53046,53744,50610,72114,74619,64953,62273,111719,109864,109062,110356,82953,82512,22820,15069,66615,28084,78700,12334,8414,62313,91404,143071,137449,30366,28281,73878,66615,64408,37088,45307,3933,47326,61185,22207,78021,31322,56388,52100,55230,51399
35625,30817,45549,69084,36903,30897,26909,39826,35760,35876,61559,59751,36384,60166,67294,44570,60161,65348,47585,36844,39785,64041,111312,56966,60145,30557,18176,8216,9194,35369,11350,4583,0,60239,36317,35731,35804,34617,51681,48947,62829,29151,42256,58844,60431,48508,49207,46361,67750,70050,60675,57726,107206,105353,105003,105834,84538,83643,26750,14264,62967,31874,80685,12848,12606,66638,86830,138531,132946,33315,31646,76877,69533,64252,36459,43213,3340,50669,57885,26338,79873,33660,51821,47563,52274,46827
60969,62106,71074,90300,58026,64069,53373,57997,77228,67043,60205,77001,58493,84624,109318,79586,87311,106810,95336,88990,84978,121377,162848,117161,119901,88619,72213,67812,68250,75440,49330,62351,60239,0,30100,35585,47909,26841,8599,32441,25392,31588,25822,43975,45087,65304,65702,74412,50575,74450,82675,69315,87019,85358,66701,86554,62108,55293,64691,47611,27812,88760,65142,51462,69689,95017,85425,116612,108559,57245,89979,77605,71604,121443,29365,17049,63552,108675,19612,66634,62727,93658,64382,64964,95616,61454
31266,32028,42098,63502,28648,33978,23283,29186,47133,37122,39038,50454,29008,56712,79404,49766,58953,76915,65298,59500,54918,100339,146572,92017,92782,60861,43979,44530,45422,63150,25128,36842,36317,30100,0,6160,18765,7890,23337,40964,45922,18397,29751,28035,29713,63292,63909,67992,64145,79885,80128,70550,105015,103191,91585,104123,53728,50635,34675,22065,47465,60476,52544,24610,42708,66728,94590,136336,129104,27414,62321,57375,50210,100540,862,16324,39244,80368,38998,36685,50915,67420,64409,62584,83098,59894
25423,26659,36028,57351,22648,28665,18346,23064,41975,31458,33832,44328,23050,50558,73734,44016,52826,71229,60294,55219,49884,99578,146886,89873,89777,57772,40844,43882,44925,65270,25165,35484,35731,35585,6160,0,12659,13612,29255,46734,52081,23012,35555,24737,26421,67371,68010,71229,69940,84756,83854,74986,110928,109098,97744,110011,50852,48679,29874,21691,53614,57077,48801,23184,40371,60600,99774,142309,135132,21662,59270,52043,44762,99819,7023,22476,38357,76808,45158,32010,47389,65030,68773,66620,84820,64111
13237,15819,23373,45091,10117,17869,10322,10423,31102,19597,26308,32332,10611,38006,61568,31816,40189,59041,49481,46060,39144,97149,146285,84700,82813,51201,34883,43209,44501,69301,27785,33958,35804,47909,18765,12659,0,25620,41881,58177,64570,33146,47174,24225,25639,75210,75884,77344,81310,94023,90775,83441,122506,120662,110288,121520,49015,49047,20462,24208,66025,49842,44881,23283,36279,47964,109637,154029,147021,9912,52743,43299,35811,97471,19621,35079,37576,68843,57689,22786,44101,59785,77155,74384,87679,72271
37224,37077,48557,70688,35021,38885,27989,35960,51539,42612,46928,57789,35269,63577,84585,55299,65606,82145,69237,62301,59009,97912,142712,91427,93385,61876,45379,42629,43307,57689,23317,36111,34617,26841,7890,13612,25620,0,18867,33146,39098,11204,21951,35424,37077,56035,56634,61408,56346,72133,73092,63035,97316,95486,84847,96398,60671,56966,38743,21094,40462,61938,59979,24716,43057,73364,86730,128710,121568,33262,63260,65265,58092,98061,7135,10542,37815,81866,32324,40505,58247,67378,56952,55362,77918,52548
54599,55221,65249,85673,51903,57124,46283,52219,70076,60439,57351,72417,52296,79438,102697,73098,81893,100217,87971,81166,77682,112858,154791,108581,111452,80307,64045,59221,59653,67554,40846,53875,51681,8599,23337,29255,41881,18867,0,27571,25154,22994,18972,42102,43438,58976,59426,67386,48251,70055,76484,63774,86898,85160,69603,86262,63092,57114,57374,39254,27239,80547,64996,43208,61326,89655,82239,117347,109601,50752,81648,75341,68875,112931,22526,8607,55000,100427,18298,59219,62750,85157,58476,58554,87839,55145
68256,66653,80028,103120,66736,68084,57829,68174,78888,72621,79816,90509,66822,95512,112488,84851,97132,110225,94494,84961,85187,99394,135410,100856,107065,79405,66108,53885,53620,48736,42035,52892,48947,32441,40964,46734,58177,33146,27571,0,16297,25620,11217,66709,68244,33644,33953,44070,23206,42485,50645,36906,64329,62485,56246,63354,89826,84348,66397,42858,15390,80821,90795,47234,61306,104766,55113,95872,89002,64324,80411,98186,91115,99309,40157,27139,51994,99282,15412,67495,88743,80873,32211,33448,67566,29841
76279,75728,87655,109411,74118,77410,66624,74973,89365,81458,82370,96306,74368,102576,122890,94078,104685,120513,106108,97482,96300,115667,151230,116535,122133,93359,78924,68601,68499,64963,54360,66367,62829,25392,45922,52081,64570,39098,25154,16297,0,35730,20698,67252,68574,48158,48345,59396,25813,51853,64171,49487,61950,60246,45748,61396,87292,80654,76551,54344,2503,94445,89814,58779,74696,112449,60965,92200,84452,72306,94473,100452,93895,115587,45059,29686,66043,113497,7003,77991,87490,95728,45908,48132,83474,44536
42649,41092,54437,77721,41231,42581,32215,42822,53897,47037,56842,65332,41283,69968,87521,59366,71527,85194,70385,61878,60641,90002,133184,85775,89276,58892,43567,36383,36745,47118,19122,31891,29151,31588,18397,23012,33146,11204,22994,25620,35730,0,15486,46397,48067,44932,45541,50235,48430,61744,61909,52165,89699,87843,80613,88648,71839,68160,41190,18662,36460,59584,70930,23080,39887,79149,76849,121328,114578,38728,60134,75008,67677,90094,17809,15048,32491,79148,29854,42480,69268,62810,46013,44239,67466,41504
57684,56443,69382,92214,55979,57984,47467,57288,69379,62343,68611,79497,56108,84759,103006,74766,86508,100680,85708,76848,76060,98219,137594,97049,101953,72732,58238,48375,48391,50079,33687,45699,42256,25822,29751,35555,47174,21951,18972,11217,20698,15486,0,55734,57295,40007,40462,48621,34398,52309,57522,45084,75405,73569,65130,74467,79373,74274,56676,33834,21158,73766,79979,38276,54009,94193,65814,106869,99855,53722,73869,86980,79899,98213,28941,16454,45508,92912,15743,57960,77990,75465,39615,39581,70045,36180
33573,38194,37712,49836,29944,40039,34540,27683,51895,39590,16881,37168,30750,46504,76710,48923,49973,74185,69342,68348,59643,121291,170018,108764,106212,75026,59016,66665,67869,89967,49207,57609,58844,43975,28035,24737,24225,35424,42102,66709,67252,46397,55734,0,1689,91321,91934,95817,89280,107385,108146,98458,128897,127140,110663,128209,26137,24918,43677,45588,69334,73407,24555,45999,60483,56943,121512,159449,151680,32070,76570,33631,27863,121602,28591,39623,61009,91722,60389,45986,22879,83906,92361,90617,109357,87899
34612,39338,38293,49605,31010,41153,35935,28658,52824,40536,16336,37105,31819,46567,77075,49576,50092,74559,70125,69378,60514,122757,171568,110060,107360,76272,60354,68226,69439,91644,50848,59147,60431,45087,29713,26421,25639,37077,43438,68244,68574,48067,57295,1689,0,92993,93606,97506,90761,109004,109828,100113,130282,128529,111788,129606,24464,23427,44877,47225,70677,74605,22905,47588,61916,56949,123087,160775,152976,33250,77815,32575,27036,123071,30263,41136,62569,92799,61734,47176,21203,85229,94021,92291,111016,89567
80741,77042,92020,116064,80726,77691,70228,83118,84243,82775,100749,105247,80475,107385,115302,92766,107855,113483,95064,83481,88096,74949,103956,83250,93018,73046,66041,48173,47075,24002,49313,53046,48508,65304,63292,67371,75210,56035,58976,33644,48158,44932,40007,91321,92993,0,702,12252,32826,21865,17531,9261,63193,61458,72179,61575,116691,112609,74220,52270,46339,75685,115835,55214,59960,114700,38679,93028,88657,77424,73465,118434,110964,74683,62730,55305,49991,89967,48966,74266,114197,70002,4362,951,37340,3850
81437,77742,92719,116764,81417,78393,70921,83806,84943,83476,101406,105941,81167,108086,115988,93469,108558,114172,95744,84155,88789,75261,103938,83725,93549,73691,66731,48850,47747,24460,50011,53744,49207,65702,63909,68010,75884,56634,59426,33953,48345,45541,40462,91934,93606,702,0,12409,32648,21198,17060,8576,62648,60919,71901,61025,117282,113174,74922,52963,46500,76338,116453,55912,60649,115402,38006,92427,88089,78117,74104,119101,111633,74989,63343,55824,50684,90567,49247,74969,114809,70601,3930,1643,37471,4283
80945,76652,91608,115372,81485,76984,70935,84130,81699,82037,103504,105479,81121,106488,110966,90837,106522,109340,90440,78525,84527,63183,92056,73030,83650,66794,62457,43975,42669,14518,49971,50610,46361,74412,67992,71229,77344,61408,67386,44070,59396,50235,48621,95817,97506,12252,12409,0,45057,29826,14360,18058,73033,71383,84190,71336,121713,118367,73038,53350,57736,69750,120028,55470,56332,112919,45691,101673,97995,78006,66986,120545,113056,62885,67551,62559,47055,82137,59474,72699,118602,62294,16165,11896,25090,15210
91004,89040,102817,126138,89661,90347,80424,91209,100386,95049,102879,113628,89709,118384,133728,107000,119863,131561,114908,104571,106144,107371,135692,113475,121723,97098,85753,70933,70307,55540,62954,72114,67750,50575,64145,69940,81310,56346,48251,23206,25813,48430,34398,89280,90761,32826,32648,45057,0,27730,44617,29715,41269,39413,39976,40228,111343,105238,88258,64400,23312,99028,112979,68596,80355,127425,35153,72915,66352,87114,97888,121244,114230,107141,63330,49705,70393,116100,30968,89134,110814,96649,28984,33285,70098,30455
100876,97567,112416,136468,100497,98378,90186,102679,105655,103430,118580,125132,100327,127953,137080,113912,128653,135232,116895,105342,109773,91507,112061,102811,113447,94829,87783,70029,68938,44094,69726,74619,70050,74450,79885,84756,94023,72133,70055,42485,51853,61744,52309,107385,109004,21865,21198,29826,27730,0,21477,12685,43498,41923,59964,41761,131638,126561,95167,72362,49471,97511,131871,75709,81730,135684,16829,71898,68190,97359,95210,136688,129309,91133,79203,68748,71694,111339,55427,95379,129991,91386,18234,22813,51407,23227
94978,90800,105783,129615,95379,91188,84816,97958,96060,96254,116739,119543,95045,120752,125141,105183,120834,123553,104589,92627,98842,70603,91513,83653,95209,80557,76793,58299,56979,27945,63776,64953,60675,82675,80128,83854,90775,73092,76484,50645,64171,61909,57522,108146,109828,17531,17060,14360,44617,21477,0,15062,64397,62920,80778,62620,133749,129887,87303,67048,62136,83611,132568,69412,70673,127266,34631,91029,88234,91940,80661,134066,126575,70194,79612,72796,61414,95006,65734,87006,131018,75398,18455,18027,30276,21343
89499,85941,100884,124944,89346,86649,78905,91659,93436,91725,108631,113934,89125,116318,124564,101884,116866,122745,104319,92719,97349,81011,106033,90949,101222,82143,75301,57420,56310,31832,58131,62273,57726,69315,70550,74986,83441,63035,63774,36906,49487,52165,45084,98458,100113,9261,8576,18058,29715,12685,15062,0,55085,53410,67191,53411,123425,118922,83265,60967,47372,84829,123014,64075,69222,123774,29452,84316,80265,86102,82527,126507,119065,80687,69934,61119,59245,98753,51548,83367,121274,78790,6288,10213,41753,11275
132260,130199,144076,167397,130931,131456,121654,132461,141076,136213,143314,154837,130979,159651,174110,148025,161106,172020,154773,143920,146459,134909,150867,146030,156185,135031,125380,109139,108284,86877,103626,111719,107206,87019,105015,110928,122506,97316,86898,64329,61950,89699,75405,128897,130282,63193,62648,73033,41269,43498,64397,55085,0,1867,33281,1807,149122,142219,129194,105321,59719,137345,151761,109408,119674,168646,31179,31682,25780,128377,135623,161612,154768,134519,104182,89869,109523,152848,68619,129955,149441,132931,58892,64048,94653,62976
130399,128333,142215,165545,129075,129589,119791,130610,139209,134347,141519,152992,129122,157793,172247,146157,159243,170156,152918,142073,144596,133383,149796,144359,154464,133213,123527,107309,106458,85180,101759,109864,105353,85358,103191,109098,120662,95486,85160,62485,60246,87843,73569,127140,128529,61458,60919,71383,39413,41923,62920,53410,1867,0,32690,1483,147453,140582,127326,103453,58000,135519,150048,107540,117825,166782,30007,33548,27617,126517,133810,159823,152969,132998,102360,88075,107676,151063,66889,128087,147734,131153,57149,62309,93156,61202
122005,121296,133403,154985,119867,122923,112219,120701,134509,127090,126670,141808,120115,148287,168134,139658,150429,165802,150621,141208,141128,147093,172014,153364,161247,135229,122351,109282,108826,95440,98208,109062,105003,66701,91585,97744,110288,84847,69603,56246,45748,80613,65130,110663,111788,72179,71901,84190,39976,59964,80778,67191,33281,32690,0,34156,127060,119311,121791,98786,44476,136829,131177,103211,117469,158195,55776,54037,45233,118029,136151,144283,138145,146840,90723,75277,107945,154781,52598,123090,128659,135722,68047,72748,108850,70190
131169,129052,142988,166364,129878,130291,120543,131438,139819,135067,142518,153845,129917,158577,172801,146833,160000,170721,153412,142518,145149,133145,149074,144346,154547,133542,124011,107684,106818,85217,102383,110356,105834,86554,104123,110011,121520,96398,86262,63354,61396,88648,74467,128209,129606,61575,61025,71336,40228,41761,62620,53411,1807,1483,34156,0,148637,141798,127986,104120,59134,135876,151180,108184,118283,167523,29374,32869,27250,127295,134124,160833,153957,132754,103294,89081,108126,151293,68006,128724,148875,131368,57285,62436,92881,61411
55139,60478,54662,55810,51941,61992,58983,49080,71630,60014,27499,46994,52731,56726,88942,65860,60566,86622,86921,88703,78507,145807,195290,131571,127395,97557,82621,92161,93421,116103,75241,82953,84538,62108,53728,50852,49015,60671,63092,89826,87292,71839,79373,26137,24464,116691,117282,121713,111343,131638,133749,123425,149122,147453,127060,148637,0,8687,66296,71606,89622,95456,8745,71746,84932,65510,144936,178539,170342,54893,99077,29659,29778,146159,54194,62919,86510,112233,80914,68458,7008,107142,117450,116027,135463,113163
57015,62083,58268,62312,53572,63773,59317,50923,74479,62449,31411,52396,54382,62282,94392,69663,66104,91998,90713,91416,81760,146183,194895,133159,129858,99237,83611,91530,92715,113706,73694,82512,83643,55293,50635,48679,49047,56966,57114,84348,80654,68160,74274,24918,23427,112609,113174,118367,105238,126561,129887,118922,142219,140582,119311,141798,8687,0,67781,70121,83039,97390,16498,70796,85326,71610,139322,171252,162964,56165,100775,37191,36144,146498,50983,57901,85878,114975,74497,70035,14102,108425,113083,111992,133453,108985
11340,5839,18955,42342,14354,4734,11528,17254,12848,9247,39941,33394,13566,33450,46360,18912,33657,44013,30644,25684,20310,80046,130522,65403,62580,31456,16666,31359,32822,61965,25762,22820,26750,64691,34675,29874,20462,38743,57374,66397,76551,41190,56676,43677,44877,74220,74922,73038,88258,95167,87303,83265,129194,127326,121791,127986,66296,67781,0,23876,77487,29730,60566,19842,20480,40521,111717,160854,154580,11636,32995,52422,45487,80445,35368,49279,26685,48403,70196,2332,60428,40845,77136,73296,77559,72080
28542,25330,40062,64106,28471,26345,17957,30946,36082,31294,50516,52983,28206,55643,69640,42718,56535,67393,51883,43219,42361,78305,125195,70451,72335,41057,25086,22480,23416,45148,3648,15069,14264,47611,22065,21691,24208,21094,39254,42858,54344,18662,33834,45588,47225,52270,52963,53350,64400,72362,67048,60967,105321,103453,98786,104120,71606,70121,23876,0,54973,41405,68459,4442,22079,63811,88646,136986,130707,25154,42394,67213,59729,78515,22231,30647,17191,61216,48513,24751,67406,46285,54711,51392,63939,49691
77546,76837,89001,110966,75469,78484,67751,76405,90270,82616,84300,97905,75697,104022,123847,95198,106067,121487,106823,97999,97099,114733,149682,116095,121961,93524,79350,68512,68357,63747,54827,66615,62967,27812,47465,53614,66025,40462,27239,15390,2503,36460,21158,69334,70677,46339,46500,57736,23312,49471,62136,47372,59719,58000,44476,59134,89622,83039,77487,54973,0,94698,92048,59415,74981,113822,58465,90125,82450,73569,94608,102434,95821,114639,46603,31337,66144,113603,8946,78871,89741,95620,43956,46347,82003,42769
40416,35322,42733,59368,43818,33619,39883,46514,25139,35539,68389,55943,43009,51053,42538,34110,49015,41370,22317,10758,21482,54052,105395,36260,32979,3523,16578,28241,29060,55670,40461,28084,31874,88760,60476,57077,49842,61938,80547,80821,94445,59584,73766,73407,74605,75685,76338,69750,99028,97511,83611,84829,137345,135519,136829,135876,95456,97390,29730,41405,94698,0,89147,37339,19765,52484,114253,168182,163120,41355,4448,77765,71725,54567,60968,71950,28884,19942,89176,27428,89285,13771,79615,74746,64202,74970
49251,54728,47460,47136,46316,56077,54349,43337,64801,53609,20762,38764,47073,48372,80553,58424,52206,78266,79384,81864,71353,140534,190563,125387,120594,91430,77135,88001,89320,113470,72106,78700,80685,65142,52544,48801,44881,59979,64996,90795,89814,70930,79979,24555,22905,115835,116453,120028,112979,131871,132568,123014,151761,150048,131177,151180,8745,16498,60566,68459,92048,89147,0,68087,79928,56928,145793,181730,173701,49515,92929,20941,21243,140915,53122,63659,82397,105284,83181,62628,2652,101275,116913,115121,132362,112435
25610,21873,36812,60870,26017,22684,15484,28705,31803,27723,49412,50182,25651,52263,65301,38750,52964,63073,47444,38826,37958,76396,124135,67421,68720,37167,20886,20818,21948,46307,5990,12334,12848,51462,24610,23184,23283,24716,43208,47234,58779,23080,38276,45999,47588,55214,55912,55470,68596,75709,69412,64075,109408,107540,103211,108184,71746,70796,19842,4442,59415,37339,68087,0,18382,60112,92130,141054,134854,22538,38545,65504,58059,76640,24904,34610,15220,57224,52918,20553,67196,42944,57863,54315,64399,52816
31440,25951,38982,61084,33833,25204,26032,36874,25713,29472,59664,53505,33131,52099,55350,35334,51449,53523,35285,24271,28264,60912,110646,49502,50339,19042,6135,12410,13792,43729,20783,8414,12606,69689,42708,40371,36279,43057,61326,61306,74696,39887,54009,60483,61916,59960,60649,56332,80355,81730,70673,69222,119674,117825,117469,118283,84932,85326,20480,22079,74981,19765,79928,18382,0,57214,98556,150917,145432,30469,20341,72891,65901,61250,43075,52721,10172,39281,69413,19077,79521,24726,63515,59009,57635,58605
36519,38542,24839,10421,38355,37470,47002,37542,31503,32538,41617,19903,38151,10555,24456,22082,7775,22513,32485,41847,31282,105711,156861,84810,75475,55918,51329,69542,70961,100891,66097,62313,66638,95017,66728,60600,47964,73364,89655,104766,112449,79149,94193,56943,56949,114700,115402,112919,127425,135684,127266,123774,168646,166782,158195,167523,65510,71610,40521,63811,113822,52484,56928,60112,57214,0,152203,200322,193705,40472,56919,37474,35732,106279,67585,83043,65888,60275,105611,40448,58524,66179,117655,113772,114070,112600
117068,113938,128698,152713,116525,114815,106336,118602,122373,119845,133566,141143,116392,144289,153905,130520,145094,152051,133724,122161,126577,105059,119833,118055,129193,111529,104605,86851,85754,60179,86140,91404,86830,85425,94590,99774,109637,86730,82239,55113,60965,76849,65814,121512,123087,38679,38006,45691,35153,16829,34631,29452,31179,30007,55776,29374,144936,139322,111717,88646,58465,114253,145793,92130,98556,152203,0,56418,53728,113472,111878,151818,144516,104626,93861,82170,88510,127718,65845,111993,143788,107802,35046,39629,64720,40006
163920,161881,175732,198988,162553,163137,153326,164044,172680,167895,174287,186360,162612,191294,205606,179696,192774,203542,186116,175104,177956,161180,170097,174423,185324,165739,156702,140087,139167,115993,135251,143071,138531,116612,136336,142309,154029,128710,117347,95872,92200,121328,106869,159449,160775,93028,92427,101673,72915,71898,91029,84316,31682,33548,54037,32869,178539,171252,160854,136986,90125,168182,181730,141054,150917,200322,56418,0,8893,160028,166255,192504,185784,160723,135495,120905,140747,182994,99070,161593,179334,163028,88872,93932,120937,93309
157226,155381,169015,192068,155737,156698,146710,157132,166593,161385,166735,179324,155824,184515,199742,173348,186103,197629,180496,169685,172097,158775,170383,171001,181488,160792,151117,134918,134060,112093,129128,137449,132946,108559,129104,135132,147021,121568,109601,89002,84452,114578,99855,151680,152976,88657,88089,97995,66352,68190,88234,80265,25780,27617,45233,27250,170342,162964,154580,130707,82450,163120,173701,134854,145432,193705,53728,8893,0,153307,161373,184885,178250,158347,128257,113472,135287,178496,91380,155407,171281,158558,84401,89533,118427,88614
3978,6196,15709,39339,3588,8169,7198,6567,21216,9821,29204,27832,3118,31287,52072,22365,32809,49567,39576,36631,29259,91049,141108,76997,74145,43084,27731,39608,41019,68403,28212,30366,33315,57245,27414,21662,9912,33262,50752,64324,72306,38728,53722,32070,33250,77424,78117,78006,87114,97359,91940,86102,128377,126517,118029,127295,54893,56165,11636,25154,73569,41355,49515,22538,30469,40472,113472,160028,153307,0,44624,43570,36261,91422,28227,43385,34267,59774,65580,13927,49213,52335,79838,76545,85516,74828
43947,38712,46851,63809,47254,37104,42608,50030,29352,39348,72167,60227,46450,55471,46371,38472,53457,45316,26418,15134,25926,49673,101007,32494,30510,1544,18427,26966,27592,52729,41083,28281,31646,89979,62321,59270,52743,63260,81648,80411,94473,60134,73869,76570,77815,73465,74104,66986,97888,95210,80661,82527,135623,133810,136151,134124,99077,100775,32995,42394,94608,4448,92929,38545,20341,56919,111878,166255,161373,44624,0,81949,75816,50181,62765,73042,28470,19051,89433,30742,92997,9328,77486,72535,60352,72950
41656,47013,35153,27211,39981,47691,50146,37052,52626,43752,18370,22342,40529,30496,61777,44295,34133,59664,64057,68954,57696,131259,182309,113660,107032,80557,68779,83038,84469,111773,70666,73878,76877,77605,57375,52043,43299,65265,75341,98186,100452,75008,86980,33631,32575,118434,119101,120545,121244,136688,134066,126507,161612,159823,144283,160833,29659,37191,52422,67213,102434,77765,20941,65504,72891,37474,151818,192504,184885,43570,81949,0,7491,131717,58145,71752,77797,91470,93506,54008,23123,90950,120236,117620,129079,115412
34528,39959,28996,26177,32679,40754,42739,29714,46659,37063,11526,17859,33255,27209,59333,38956,31028,57066,59406,63348,52290,124841,175740,107833,101792,74390,61991,75816,77240,104346,63189,66615,69533,71604,50210,44762,35811,58092,68875,91115,93895,67677,79899,27863,27036,110964,111633,113056,114230,129309,126575,119065,154768,152969,138145,153957,29778,36144,45487,59729,95821,71725,21243,58059,65901,35732,144516,185784,178250,36261,75816,7491,0,125284,50996,64908,70524,86283,86920,47171,22793,84682,112791,110148,121773,107957
91784,86259,96572,113793,94603,85055,87273,97596,79384,88267,120377,110301,93851,105602,91017,88652,103445,90804,74118,64700,75946,700,50827,24494,38329,51456,63802,56038,55117,51788,75427,64408,64252,121443,100540,99819,97471,98061,112931,99309,115587,90094,98213,121602,123071,74683,74989,62885,107141,91133,70194,80687,134519,132998,146840,132754,146159,146498,80445,78515,114639,54567,140915,76640,61250,106279,104626,160723,158347,91422,50181,131717,125284,0,100648,105128,61476,48840,113109,78491,140631,40931,78884,74096,39930,76704
